32 32
00000000000000000000000000000000
00000000000111111110000000000000
00000000001111111111100000000000
00000000001111111111110000000000
00000000011111111111111000000000
00000000011111100011111000000000
00000000111110000001111000000000
00000000111110000001111100000000
00000000111110000000111110000000
00000001111110000000111110000000
00000001111110000000011111000000
00000001111110000000001111000000
00000001111110000000001111100000
00000001111100000000001111000000
00000001111000000000001111000000
00000001111111111100111111000000
00000001111000000000000111000000
00000001111000000000000111000000
00000000111100000000000111000000
00000000111100000000000111000000
00000001111000000000011110000000
00000001111000000000011110000000
00000000111000000000011110000000
00000000111110000011111110000000
00000000111110001111111100000000
00000000111111111111111000000000
00000000011111111111111000000000
00000000111111111111100000000000
00000000011111111111000000000000
00000000001111111000000000000000
00000000001111100000000000000000
00000000000000000000000000000000
5 3
010
010
010
010
010
32 32
00000000000000000000000000000000
00000000000111111110000000000000
00000000001111111111100000000000
00000000001111111111110000000000
00000000011111111111111000000000
00000000011111100011111000000000
00000000111110000001111000000000
00000000111110000001111100000000
00000000111110000000111110000000
00000001111110000000111110000000
00000001111110000000011111000000
00000001111110000000001111000000
00000001111110000000001111100000
00000001111100000000001111000000
00000001111000000000001111000000
11111111111100000000111111111111
00000001111000000000000111000000
00000001111000000000000111000000
00000000111100000000000111000000
00000000111100000000000111000000
00000001111000000000011110000000
00000001111000000000011110000000
00000000111000000000011110000000
00000000111110000011111110000000
00000000111110001111111100000000
00000000111111111111111000000000
00000000011111111111111000000000
00000000111111111111100000000000
00000000011111111111000000000000
00000000001111111000000000000000
00000000001111100000000000000000
00000000000000000000000000000000
32 32
00000000000000000000000000000000
00000000000111111110000000000000
00000000001111111111100000000000
00000000001111111111110000000000
00000000011111111111111000000000
00000000011111100011111000000000
00000000111110000001111000000000
00000000111110000001111100000000
00000000111110000000111110000000
00000001111110000000111110000000
00000001111110000000011111000000
00000001111110000000001111000000
00000001111110000000001111100000
00000001111100000000001111000000
00000001111000000000001111000000
11111111111100000000111111110111
00000001111000000000000111000000
00000001111000000000000111000000
00000000111100000000000111000000
00000000111100000000000111000000
00000001111000000000011110000000
00000001111000000000011110000000
00000000111000000000011110000000
00000000111110000011111110000000
00000000111110001111111100000000
00000000111111111111111000000000
00000000011111111111111000000000
00000000111111111111100000000000
00000000011111111111000000000000
00000000001111111000000000000000
00000000001111100000000000000000
00000000000000000000000000000000
5 3
000
000
000
000
000
5 3
010
010
111
010
010
32 32
00000000000000000000000000000000
00000000000000001111110000000000
00000000000000001111111000000000
00000000000000011111111000000000
00000000000000111111111000000000
00000000000000011111111000000000
00000000000000011111111000000000
00000000000000111111110000000000
00000000000000111111100000000000
00000000000001111111100000000000
00000000000001111111111111111111
00000000000001111111110000000000
00000000000001111111100000000000
00000000000011111110000000000000
00000000011111111110000000000000
00000001111111111111000000000000
00000011111111111111000000000000
00000011111111111111111111111111
11111111111111111110000000000000
00000000001111111111000000000000
00000000000000111111000000000000
00000000000001111111000000000000
00000000000111111110000000000000
00000000000011111111111111111111
00000000000011111111000000000000
11111111111111111111100000000000
00000000000011111111100000000000
00000000000000111111110000000000
00000000000000001111111111000000
00000000000000001111111111000000
00000000000000000111111111000000
00000000000000000000000000000000
32 32
00000000000000110000000000000000
00000000000111111110000000000000
00000000001111111111100000000000
00000000001111111111110000000000
00000000011111111111111000000000
00000000011111100011111000000000
00000000111110000001111000000000
00000000111110000001111100000000
00000000111110000000111110000000
11111111111110000000111110000000
00100001111110000000011111000000
00100001111110000000001111000000
00100001111110000000001111100000
00100001111100000000001111000000
00100001111000000000001111000000
11111111111100000000001111111111
00000001111000000000000111000000
00000001111000000000000111000000
00000000111100000000000111000000
00000000111100000000000111000000
00000001111000000000011110000000
00000001111000000000011111111111
00000000111000000000011110000000
00000000111110000011111110000000
00000000111110001111111100000000
00000000111111111111111000000000
00000000011111111111111000000000
00000000111111111111100000000000
00000000011111111111000000000000
00000000001111111000000000000000
00000000001111100000000000000000
00000000000011000000000000000000
32 32
00000000000000110000000000000000
00000000000111111110000000000000
00000000001111111111100000000000
00000000001111111111110000000000
00000000011111111111111000000000
00000000011111100011111000000000
00000000111110000001111000000000
00000000111110000001111100000000
00000000111110000000111110000000
11111111111110000000111110000000
00100001111110000000011111000000
00000001111110000000001111000000
00100001111110000000001111100000
00100001111100000000001111000000
00100001111000000000001111000000
11111111111100000000001111111111
00000001111000000000000111000000
00000001111000000000000111000000
00000000111100000000000111000000
00000000111100000000000111000000
00000001111000000000011110000000
00000001111000000000011111111111
00000000111000000000011110000000
00000000111110000011111110000000
00000000111110001111111100000000
00000000111111111111111000000000
00000000011111111111111000000000
00000000111111111111100000000000
00000000011111111111000000000000
00000000001111111000000000000000
00000000001111100000000000000000
00000000000011000000000000000000
32 32
00000000000000110000000000000000
00000000000111111110000000000000
00000000001111111111100000000000
00000000001111111111110000000000
00000000011111111111111000000000
00000000011111100011111000000000
00000000111110000001111000000000
00000000111110000001111100000000
00000000111110000000111110000000
11111111111110000000111110000000
00100001111110000000011111000000
00000001111110000000001111000000
00100000000000000000001111100000
00100001111100000000001111000000
00100001111000000000001111000000
11111111111100000000001111111111
00000001111000000000000111000000
00000001111000000000000111000000
00000000111100000000000111000000
00000000111100000000000111000000
00000001111000000000011110000000
00000001111000000000011111111111
00000000111000000000011110000000
00000000111110000011111110000000
00000000111110001111111100000000
00000000111111111111111000000000
00000000011111111111111000000000
00000000111111111111100000000000
00000000011111111111000000000000
00000000001111111000000000000000
00000000001111100000000000000000
00000000000011000000000000000000
32 32
00000000000000110000000000000000
00000000000111111110000000000000
00000000001111111111100000000000
00000000001111111111110000000000
00000000011111111111111000000000
00000000011111100011111000000000
00000000111110000001111000000000
00000000111110000000000000000000
00000000111110000000111110000000
11111111111110000000111110000000
00100001111110000000011111000000
00000001111110000000001111000000
00100001111110000000001111100000
00100001111100000000001111000000
00100001111000000000001111000000
11111111111100000000001111111111
00000001111000000000000111000000
00000001111000000000000111000000
00000000111100000000000111000000
00000000111100000000000111000000
00000001111000000000011110000000
00000001111000000000011111111111
00000000111000000000011110000000
00000000111110000011111110000000
00000000111110001111111100000000
00000000111111111111111000000000
00000000011111111111111000000000
00000000111111111111100000000000
00000000011111111111000000000000
00000000001111111000000000000000
00000000001111100000000000000000
00000000000011000000000000000000