150

629185014 959420230

784701850 995280273

641239463 512853521

844421287 830286749

945496425 869785073

337739933 394966669

383559750 370513500

888978850 987394533

990554789 984173159

637031808 846925395

913840419 735325744

667006776 970532447

961590860 736367293

912943618 893263978

891314585 884814076

935201853 752989171

956752413 952678161

844778104 969290530

718643200 757841920

791644257 755787784

898860289 981473882

938000000 879844000

908372203 919307318

986288525 521387041


