20 150
984 946 499 631 341 50 359 241 409 574 841 981 145 473 431 657 265 681 
289 161 415 792 169 815 936 894 303 641 273 15 403 755 498 503 953 717 
6 15 453 405 729
6 16 977 377 301
6 2 279 134 917
15 13 519 580 527
6 1 961 251 431
13 19 551 401 426
6 20 166 313 44
16 7 951 681 89
7 4 986 841 447
13 9 241 377 393
19 10 829 305 525
7 17 718 959 176
20 12 834 170 476
17 11 989 201 267
2 18 478 341 903
13 3 981 605 1
2 8 251 294 759
4 5 137 812 226
10 14 261 65 319
1 11 637 327 20820
1 20 236 577 20189
1 18 911 325 20246
19 20 492 873 20549
1 15 624 539 20878
13 20 204 687 20989
1 7 581 559 20581
16 20 551 278 20788
1 17 965 659 20368
5 20 5 212 20969
7 11 233 691 103
6 17 145 106 881
7 14 144 257 280
4 6 901 552 327
5 11 383 821 251
6 13 36 297 588
10 13 871 109 574
1 3 433 393 401
5 13 579 601 761
1 9 250 881 217
6 19 383 61 581
1 16 978 385 719
11 15 519 833 937
2 17 55 126 941
1 13 121 465 973
1 2 471 382 761
9 19 74 761 106
7 9 619 358 589
7 20 355 973 909
4 9 463 137 216
15 17 884 308 53
7 13 236 126 51
10 12 261 81 331
9 11 269 633 217
14 19 799 449 611
16 17 41 481 867
17 20 291 845 305
15 19 681 721 821
5 14 230 461 711
1 12 76 291 41
6 11 997 126 169
11 13 401 246 79
1 5 561 294 166
9 17 611 795 830
1 19 121 321 697
4 11 85 146 817
5 7 137 521 389
3 6 132 984 318
5 17 221 49 490
5 19 353 51 678
6 7 526 908 976
12 16 533 721 225
18 19 47 552 906
4 18 438 647 981
10 16 1 551 202
4 13 937 369 214
13 14 801 433 451
9 10 348 33 605
1 8 861 433 285
14 15 145 421 753
2 12 261 641 77
9 12 8 563 341
3 5 171 595 977
2 9 805 913 627
2 19 37 789 601
3 11 219 105 279
2 11 221 951 964
2 13 305 196 243
6 8 115 951 472
8 11 679 321 156
9 20 344 881 377
5 9 777 175 15
8 16 189 446 136
6 9 783 459 731
9 16 758 168 978
7 18 81 585 841
2 16 521 941 49
1 4 537 880 635
3 19 921 985 285
18 20 869 928 451
7 8 577 549 361
11 19 992 486 909
16 19 172 396 55
2 5 787 549 667
1 14 966 637 814
11 20 466 401 333
17 19 105 633 661
5 16 993 769 607
5 8 766 213 219
13 17 867 651 336
15 18 841 655 841
13 18 185 532 434
3 15 326 981 459
12 17 471 241 955
10 17 281 199 281
13 16 314 861 246
7 19 171 147 9
5 6 897 749 381
3 16 509 945 251
8 17 537 689 141
17 18 621 449 381
8 19 193 385 151
3 12 367 63 911
15 16 231 429 51
10 18 539 351 977
8 9 61 711 617
8 13 688 951 415
7 15 25 129 73
5 15 451 923 516
7 10 748 37 705
3 9 661 91 289
5 10 643 698 561
5 18 401 890 15
12 14 8 53 1
12 13 352 141 101
7 12 939 17 664
11 14 629 877 29
9 15 51 537 641
14 20 877 135 283
12 15 541 613 65
2 15 657 57 91
14 17 979 848 181
8 15 525 961 167
4 16 559 511 451
3 17 101 967 766
2 4 290 767 505
3 8 987 639 926
12 18 341 521 201
9 18 519 751 524
4 20 243 249 977
11 12 912 181 491
