20 70
961 501 803 73 509 127 451 473 482 101 841 65 12 544 501 401 528 889 
775 163 803 917 68 375 841 252 88 164 521 373 577 436 41 717 429 889 
5 18 641 722 111
5 2 196 419 405
5 4 243 281 887
2 3 165 431 36
5 11 589 33 581
5 6 57 463 181
5 16 991 437 261
2 20 320 969 336
18 17 329 729 191
5 12 416 633 826
2 14 515 341 493
20 7 701 299 393
5 13 869 705 921
6 10 233 67 620
6 15 829 385 568
6 1 652 425 296
2 9 951 201 641
13 8 973 461 627
11 19 11 957 881
1 19 531 328 10509
13 20 545 238 10930
1 9 63 172 10639
11 20 741 305 10557
1 5 267 751 10187
1 20 611 153 10565
1 10 440 482 10935
4 20 329 458 10713
1 17 657 773 10989
12 20 3 691 10180
1 13 112 891 773
9 13 653 334 380
13 17 742 27 546
7 11 211 17 929
1 14 300 361 9
3 13 90 439 558
7 16 673 761 597
8 11 697 977 771
11 12 216 861 301
1 7 641 671 40
9 19 862 133 569
19 20 681 622 661
4 17 737 791 761
4 15 331 351 925
16 18 926 978 579
4 14 625 129 520
9 11 990 356 786
1 8 52 192 405
9 17 461 736 923
5 10 757 451 171
11 13 341 495 397
2 6 953 281 265
6 19 1 191 563
5 7 293 691 581
1 3 331 921 196
7 12 767 227 935
3 7 189 704 157
7 17 233 166 374
6 7 533 86 73
15 16 631 506 786
5 17 696 399 845
1 11 726 241 649
8 19 53 451 781
6 17 955 41 908
10 14 810 21 618
9 14 825 581 326
4 12 310 372 62
10 17 327 791 1
4 9 341 286 988
13 16 592 587 353
9 15 403 369 885
