200 1500
10122 10121 10214 657 872 10069 10751 97 137 391 65 940 10505 533 349 241 781 141 597 913 10855 22 725 241 10316 137 10945 95 967 579 642 327 800 10843 121 161 301 263 10386 403 571 55 753 628 415 849 249 258 566 10628 196 264 10508 10837 579 867 45 125 583 985 863 449 217 597 630 129 10331 981 10176 971 797 629 25 601 343 327 201 903 601 161 876 541 611 10951 731 597 143 44 126 841 195 169 111 10397 10405 986 112 673 197 163 843 954 557 785 10889 498 775 327 986 545 884 226 10565 495 505 976 10337 117 81 10141 199 10131 534 761 10928 126 286 57 673 10731 143 10284 10791 957 398 10424 10833 662 391 929 904 787 139 531 10939 10025 775 929 391 481 10882 815 9 557 629 36 925 52 374 748 951 623 1 696 135 745 397 10891 831 561 81 10683 10501 6 251 101 152 10929 81 451 10076 255 10227 381 412 10581 10452 323 667 10305 10655 743 10501 239 481 211 277 49 
517 129 214 921 44 633 435 10842 301 10473 213 151 569 725 10090 615 773 558 45 257 879 661 391 64 989 10046 228 33 465 625 10506 224 537 512 10529 991 741 566 959 486 430 773 540 590 10579 789 10717 324 10263 86 393 36 88 509 167 809 813 95 561 71 242 551 301 501 156 857 221 921 10837 326 149 818 716 141 595 276 11 153 72 195 437 10881 57 10008 117 10781 551 276 148 10341 10894 817 347 903 96 442 10569 57 369 941 653 921 663 10958 10605 833 10915 10758 360 221 861 673 357 10317 10889 10169 601 945 641 649 521 10457 866 166 547 933 585 175 753 991 361 133 236 113 693 10769 55 10161 10897 280 657 753 977 745 504 317 505 761 10747 209 529 975 761 851 31 405 326 125 10842 10065 107 10809 233 846 787 268 815 303 873 56 857 645 10071 853 21 629 201 825 56 595 815 449 817 645 562 717 561 961 361 704 99 397 10569 476 159 520 351 908 
131 21 697 569 0
21 24 946 971 0
131 132 685 779 0
131 181 26 609 0
131 87 596 907 0
24 122 799 705 0
131 34 251 849 0
24 23 19 723 0
132 162 931 297 0
181 3 249 293 0
131 80 681 857 0
131 192 558 981 0
87 114 849 286 0
181 116 806 30 0
131 169 236 201 0
23 20 709 1 0
3 66 499 883 0
114 133 857 438 0
131 51 1 808 0
131 164 301 761 0
122 73 445 321 0
3 190 93 101 0
162 173 137 61 0
73 9 91 513 0
131 198 49 51 0
190 60 181 913 0
131 38 923 313 0
20 7 574 89 0
38 67 51 457 0
51 154 547 251 0
164 141 963 583 0
7 27 493 719 0
87 147 651 501 0
20 28 532 945 0
24 178 655 25 0
164 79 56 991 0
20 129 204 902 0
79 12 251 713 0
23 42 127 785 0
164 33 891 89 0
190 123 535 669 0
28 106 853 385 0
21 15 337 665 0
67 145 41 925 0
24 75 862 9 0
154 175 381 873 0
42 196 427 145 0
181 153 731 673 0
73 77 313 885 0
114 156 518 563 0
145 50 947 54 0
27 59 465 537 0
190 26 563 129 0
154 30 127 607 0
20 161 692 900 0
154 171 753 919 0
60 193 523 519 0
23 47 156 841 0
66 94 190 441 0
23 53 111 971 0
181 52 775 800 0
156 19 876 76 0
67 149 531 531 0
154 120 787 816 0
192 92 779 117 0
147 105 101 980 0
149 62 757 865 0
141 152 647 137 0
26 127 864 233 0
122 151 53 261 0
59 2 657 596 0
30 125 431 985 0
154 184 203 831 0
92 186 585 701 0
173 70 304 105 0
152 78 638 912 0
116 136 561 251 0
151 112 521 876 0
198 96 284 361 0
94 143 670 557 0
123 119 563 57 0
105 150 736 806 0
50 115 825 899 0
70 65 848 21 0
115 10 929 51 0
143 98 684 776 0
53 121 582 469 0
9 31 309 88 0
120 16 131 926 0
24 29 19 935 0
152 99 949 413 0
59 22 626 886 0
123 44 127 548 0
112 177 561 865 0
62 86 327 161 0
153 111 645 461 0
198 57 846 501 0
151 197 235 311 0
52 40 424 1 0
9 157 41 961 0
57 117 957 491 0
42 183 781 377 0
59 189 397 803 0
186 200 961 246 0
116 41 535 271 0
200 138 643 129 0
41 160 869 671 0
175 32 701 481 0
192 49 803 951 0
154 158 449 155 0
77 137 693 151 0
145 17 41 597 0
178 58 685 121 0
192 142 441 93 0
105 6 544 329 0
120 163 798 393 0
26 165 699 39 0
171 194 186 573 0
136 39 327 591 0
29 140 7 97 0
7 124 644 841 0
7 8 801 390 0
165 25 953 576 0
163 54 233 297 0
152 100 824 709 0
34 172 533 338 0
114 113 936 721 0
12 166 781 519 0
105 61 352 697 0
200 103 313 413 0
171 43 641 51 0
121 45 208 795 0
198 81 145 766 0
190 1 101 41 0
125 72 481 745 0
3 185 81 343 0
163 48 893 201 0
79 37 861 12 0
124 134 359 411 0
105 4 361 207 0
40 88 629 713 0
183 63 761 261 0
45 144 881 761 0
88 188 326 413 0
153 180 954 743 0
30 139 478 763 0
58 84 722 905 0
114 168 826 274 0
2 11 805 253 0
133 176 339 413 0
15 128 449 665 0
105 13 351 929 0
75 108 499 241 0
116 36 540 521 0
72 69 909 479 0
79 195 581 796 0
178 182 9 795 0
131 167 297 827 0
154 82 595 789 0
7 110 609 730 0
33 118 41 464 0
53 174 617 293 0
42 101 241 455 0
197 5 773 80 0
161 109 639 309 0
60 146 415 820 0
127 155 717 985 0
131 159 409 177 0
189 104 276 975 0
77 135 566 44 0
139 199 193 714 0
190 179 712 675 0
58 91 681 397 0
9 76 593 678 0
155 130 1 181 0
172 187 861 865 0
9 85 572 293 0
194 14 26 37 0
27 18 172 573 0
192 64 933 65 0
100 90 816 865 0
36 46 451 991 0
184 102 670 408 0
115 74 161 921 0
12 35 176 737 0
19 83 817 37 0
27 55 621 315 0
150 97 105 472 0
83 126 510 721 0
90 148 661 302 0
161 95 664 673 0
185 71 526 371 0
132 56 358 499 0
63 89 977 441 0
132 68 971 111 0
56 191 914 701 0
105 170 939 651 0
165 107 817 403 0
30 93 618 351 0
41 77 629 251 0
21 137 175 875 0
1 96 78 145 0
11 185 642 226 0
6 171 481 251 0
60 81 632 295 0
137 177 753 55 0
9 151 434 679 0
76 121 549 401 0
49 67 381 401 0
181 189 645 978 0
21 179 45 361 0
73 87 917 291 0
126 166 721 709 0
117 151 317 757 0
27 43 861 336 0
107 134 57 291 0
1 21 455 113 0
81 156 151 745 0
170 179 693 831 0
41 109 977 606 0
37 123 566 873 0
37 195 741 51 0
109 111 561 11 0
21 40 936 989 0
44 135 471 561 0
114 141 911 526 0
149 176 410 405 0
39 173 231 675 0
25 81 437 302 0
98 151 649 458 0
81 117 844 129 0
77 100 505 337 0
69 176 476 346 0
171 183 385 785 0
27 161 649 507 0
51 176 946 81 0
121 154 808 325 0
1 89 157 426 0
126 193 248 978 0
1 167 207 177 0
94 161 964 464 0
111 198 464 126 0
141 193 847 366 0
81 139 47 241 0
138 159 517 277 0
83 181 411 660 0
35 95 846 681 0
41 126 706 761 0
149 159 749 853 0
15 19 526 41 0
89 104 33 769 0
23 61 147 741 0
73 128 705 401 0
86 126 67 607 0
99 165 875 225 0
61 177 951 239 0
17 41 299 423 0
72 147 421 515 0
17 54 457 92 0
28 125 913 193 0
51 166 27 361 0
17 181 71 353 0
41 157 345 147 0
1 15 808 313 0
115 136 241 851 0
21 173 951 929 0
9 159 701 407 0
76 92 609 725 0
63 188 561 482 0
113 135 397 126 0
17 51 389 312 0
13 71 822 863 0
143 157 414 87 0
101 186 657 633 0
101 179 906 261 0
82 124 851 261 0
11 41 873 120 0
1 101 250 241 0
63 85 553 821 0
78 149 101 113 0
97 109 21 626 0
74 84 545 556 0
115 186 906 295 0
75 149 337 831 0
11 81 366 953 0
76 159 729 451 0
108 109 53 535 0
41 89 777 321 0
169 184 75 625 0
43 78 413 236 0
71 105 40 489 0
35 98 327 417 0
151 169 109 471 0
79 175 531 322 0
97 159 397 61 0
47 153 481 241 0
120 125 241 665 0
23 129 153 811 0
85 183 101 631 0
4 149 841 716 0
1 53 436 848 0
11 97 665 834 0
4 143 769 901 0
115 177 938 29 0
1 7 817 951 0
81 121 547 583 0
1 26 73 190 0
57 88 9 988 0
9 64 6 53 0
1 151 687 940 0
1 161 963 359 0
81 181 785 639 0
36 165 369 901 0
51 89 321 671 0
22 70 751 143 0
49 154 361 962 0
13 194 91 391 0
75 101 233 881 0
119 151 97 776 0
88 131 302 825 0
1 139 920 257 0
153 176 721 33 0
40 171 1 361 0
161 195 241 681 0
43 99 529 581 0
76 160 871 281 0
41 125 38 9 0
13 151 870 1 0
6 94 405 115 0
1 180 13 701 0
113 131 705 23 0
113 127 505 647 0
1 137 63 741 0
21 153 135 529 0
15 160 398 781 0
85 189 497 817 0
109 165 202 691 0
72 128 183 681 0
25 32 407 221 0
81 173 173 781 0
133 155 269 118 0
51 159 861 486 0
85 176 541 559 0
19 60 355 617 0
121 193 971 357 0
19 195 923 210 0
26 37 81 184 0
57 139 710 659 0
26 117 431 904 0
134 168 856 845 0
21 119 419 497 0
68 113 356 993 0
17 169 271 361 0
89 193 241 871 0
76 190 111 525 0
61 117 656 911 0
17 107 353 227 0
77 168 341 293 0
19 109 504 935 0
39 101 180 381 0
34 146 120 211 0
1 121 793 533 0
34 53 72 293 0
151 167 785 603 0
59 66 257 586 0
57 190 813 741 0
89 105 312 617 0
67 85 881 957 0
21 196 901 54 0
41 161 551 546 0
177 197 509 815 0
64 79 421 601 0
121 123 861 340 0
18 49 451 86 0
71 199 927 601 0
72 199 929 881 0
118 164 622 241 0
61 77 24 865 0
33 72 184 801 0
25 196 169 49 0
13 69 926 634 0
35 137 63 854 0
41 81 249 676 0
12 41 445 511 0
81 164 759 207 0
91 131 760 85 0
31 181 343 137 0
41 172 433 704 0
75 119 311 377 0
109 192 615 315 0
25 105 651 445 0
61 71 881 188 0
3 105 713 137 0
41 163 497 863 0
41 65 650 909 0
1 148 313 179 0
152 188 166 782 0
73 197 919 386 0
11 57 851 661 0
49 185 310 705 0
9 121 649 29 0
36 53 909 849 0
88 191 189 961 0
114 151 513 466 0
18 39 843 69 0
81 160 479 191 0
48 109 233 330 0
1 138 211 191 0
1 38 855 955 0
163 181 596 241 0
101 138 963 377 0
57 161 636 423 0
1 66 529 971 0
91 137 151 778 0
17 185 201 8 0
41 165 1 219 0
59 101 613 431 0
101 113 1 733 0
56 105 187 187 0
105 171 457 363 0
25 71 533 905 0
9 133 449 281 0
11 191 881 1 0
14 81 562 412 0
76 89 601 477 0
37 89 338 446 0
45 129 801 655 0
59 77 529 251 0
51 173 203 651 0
23 199 718 766 0
126 190 464 901 0
31 135 689 73 0
65 192 981 921 0
49 51 391 251 0
41 103 767 14 0
86 185 659 713 0
6 51 301 805 0
102 183 301 198 0
71 198 754 163 0
23 134 357 937 0
6 131 624 501 0
65 161 357 49 0
27 177 721 966 0
73 80 43 107 0
161 185 71 720 0
134 156 813 392 0
86 136 381 631 0
11 163 867 673 0
93 171 1 374 0
124 129 575 143 0
146 161 197 341 0
122 195 566 741 0
17 109 945 593 0
16 121 962 875 0
27 189 481 841 0
81 161 281 776 0
125 180 733 741 0
77 121 147 147 0
53 81 691 696 0
147 169 373 360 0
97 108 445 301 0
51 76 705 345 0
77 200 889 544 0
17 38 757 517 0
20 41 29 216 0
1 177 681 825 0
67 97 519 18 0
34 181 197 965 0
69 165 293 516 0
33 89 385 826 0
69 114 680 277 0
145 198 774 791 0
105 185 706 865 0
80 104 521 432 0
77 173 905 301 0
9 185 195 851 0
51 66 386 1 0
57 137 361 441 0
61 88 501 886 0
1 159 696 981 0
135 156 600 849 0
23 96 316 817 0
111 113 748 631 0
36 118 991 19 0
159 189 825 685 0
1 41 513 27 0
56 141 904 621 0
6 43 657 241 0
157 187 692 298 0
125 139 915 489 0
26 151 868 401 0
68 70 961 377 0
91 117 277 94 0
6 153 919 873 0
81 171 53 211 0
8 51 105 497 0
1 92 486 651 0
93 125 345 669 0
121 128 481 653 0
195 199 661 671 0
21 126 209 390 0
142 181 821 985 0
131 135 401 455 0
111 141 615 821 0
2 191 993 698 0
121 145 807 966 0
7 17 111 353 0
184 185 801 171 0
17 45 315 212 0
131 196 772 26 0
105 193 451 986 0
101 151 599 777 0
1 133 969 463 0
1 119 417 841 0
73 137 583 361 0
105 125 177 481 0
59 181 81 559 0
105 116 989 206 0
1 154 663 375 0
19 186 281 955 0
57 147 128 645 0
71 76 566 297 0
46 161 71 488 0
57 81 46 529 0
5 37 73 475 0
15 190 622 451 0
81 113 746 340 0
105 139 107 19 0
35 131 406 673 0
129 191 557 247 0
51 105 256 867 0
58 179 271 139 0
134 190 529 745 0
84 134 394 263 0
141 180 579 157 0
73 169 57 340 0
70 161 869 361 0
79 181 234 141 0
49 169 841 292 0
84 161 345 105 0
11 139 795 121 0
117 123 81 545 0
107 116 163 651 0
71 188 297 721 0
100 192 701 529 0
93 145 135 317 0
141 161 743 821 0
21 171 501 560 0
1 146 491 65 0
69 100 796 593 0
17 160 205 721 0
63 141 309 880 0
93 151 65 153 0
49 121 781 881 0
14 19 725 57 0
174 181 401 837 0
1 106 937 187 0
92 153 533 352 0
121 186 273 61 0
45 131 717 841 0
77 81 251 957 0
97 152 311 181 0
104 156 721 704 0
158 190 5 876 0
111 136 7 56 0
66 101 177 216 0
63 133 373 221 0
88 123 922 593 0
60 113 92 240 0
141 158 689 730 0
71 103 505 848 0
76 111 487 249 0
61 193 251 761 0
57 76 961 41 0
21 121 639 598 0
1 179 57 356 0
9 67 917 243 0
1 129 369 985 0
93 190 221 389 0
5 176 477 221 0
36 71 297 1 0
26 86 521 281 0
95 159 585 893 0
87 98 29 699 0
18 41 673 617 0
73 154 13 402 0
15 129 101 753 0
1 83 421 645 0
91 192 301 92 0
41 153 833 320 0
23 55 699 973 0
32 169 409 161 0
31 105 221 147 0
13 41 259 841 0
9 154 567 737 0
69 91 516 375 0
70 113 83 593 0
185 191 21 133 0
76 84 122 238 0
1 25 525 969 0
173 181 400 817 0
1 74 685 193 0
97 178 641 905 0
3 107 29 537 0
127 145 219 285 0
69 99 761 905 0
121 125 535 372 0
33 101 200 49 0
33 38 897 375 0
81 137 76 101 0
57 159 184 808 0
17 29 1000 439 0
165 177 670 395 0
57 127 913 481 0
7 28 527 166 0
5 31 944 394 0
41 190 534 1 0
41 143 991 766 0
32 91 705 276 0
5 186 53 333 0
93 120 894 33 0
19 141 873 924 0
157 164 115 14 0
113 144 833 345 0
1 69 1000 870 0
21 78 785 474 0
2 33 457 215 0
44 190 312 301 0
39 131 151 330 0
111 193 431 537 0
126 128 529 174 0
49 173 873 604 0
141 179 599 115 0
9 191 127 7 0
121 147 365 625 0
159 199 565 473 0
65 80 491 735 0
103 183 320 268 0
61 121 678 457 0
161 197 929 193 0
115 158 86 721 0
71 121 820 918 0
136 185 373 140 0
57 114 905 961 0
33 108 801 335 0
21 110 721 51 0
111 189 582 533 0
153 175 529 427 0
19 33 899 555 0
63 193 735 372 0
91 189 379 709 0
88 185 16 319 0
32 124 583 944 0
106 177 845 447 0
151 170 63 146 0
161 178 975 577 0
79 191 126 561 0
57 165 861 85 0
82 145 458 521 0
91 172 2 451 0
99 117 728 335 0
141 195 832 121 0
89 155 631 27 0
14 60 245 803 0
77 101 721 161 0
36 162 779 271 0
103 112 691 601 0
74 167 605 851 0
26 121 387 201 0
102 107 591 512 0
53 133 697 371 0
83 165 791 802 0
22 172 662 881 0
175 194 248 871 0
116 183 369 31 0
47 136 37 645 0
72 121 345 277 0
99 189 596 271 0
133 142 781 161 0
74 171 976 375 0
97 113 969 29 0
76 175 491 444 0
1 186 222 395 0
51 181 289 647 0
151 187 551 777 0
6 197 628 485 0
75 193 679 947 0
73 185 881 801 0
29 32 579 776 0
41 121 921 122 0
141 143 805 589 0
196 199 121 407 0
91 168 596 626 0
101 111 129 331 0
20 65 315 201 0
71 164 67 249 0
21 193 509 161 0
6 109 961 679 0
57 197 901 641 0
30 145 315 945 0
147 179 498 401 0
65 111 362 405 0
161 193 212 776 0
81 187 265 532 0
126 175 786 574 0
21 57 889 935 0
7 45 749 771 0
144 185 229 191 0
153 163 383 752 0
44 91 283 417 0
86 189 966 899 0
101 161 362 225 0
14 71 95 421 0
46 195 903 941 0
11 117 521 911 0
91 129 346 841 0
133 149 131 197 0
49 189 833 845 0
76 83 302 606 0
81 154 489 901 0
111 130 401 800 0
41 124 241 394 0
81 151 669 1 0
81 186 81 897 0
58 181 873 991 0
29 101 196 981 0
77 177 321 361 0
34 160 364 361 0
175 195 945 779 0
152 180 817 1 0
15 29 49 399 0
29 153 209 49 0
33 63 793 860 0
64 121 468 477 0
145 180 992 665 0
99 176 737 773 0
160 172 148 101 0
9 30 476 873 0
33 56 675 659 0
16 105 97 285 0
21 65 351 689 0
21 25 882 601 0
53 166 801 349 0
61 178 625 133 0
1 125 195 380 0
11 147 777 777 0
41 179 567 201 0
93 147 969 81 0
28 141 397 576 0
49 69 31 931 0
176 185 953 1 0
4 177 201 885 0
79 93 889 834 0
57 105 989 135 0
30 86 889 591 0
97 147 323 186 0
72 153 89 700 0
134 146 971 427 0
63 81 412 774 0
57 60 505 46 0
29 67 381 865 0
119 177 249 773 0
81 145 225 249 0
101 129 993 721 0
114 158 857 875 0
17 141 85 198 0
120 159 81 473 0
57 171 486 195 0
170 171 211 213 0
67 127 377 216 0
48 165 376 886 0
130 171 975 840 0
141 191 453 780 0
29 105 477 681 0
170 197 617 213 0
92 138 557 517 0
17 61 157 785 0
128 161 246 923 0
9 177 833 492 0
121 139 845 961 0
15 28 461 962 0
31 37 843 412 0
11 60 167 799 0
67 156 80 31 0
101 133 401 873 0
106 181 605 166 0
33 113 773 295 0
15 50 841 939 0
63 172 729 282 0
13 121 641 521 0
115 140 664 999 0
121 143 661 239 0
85 177 495 41 0
73 76 521 561 0
15 161 251 271 0
1 160 166 465 0
72 106 261 791 0
177 185 912 529 0
25 121 837 961 0
1 153 676 641 0
37 53 79 739 0
33 129 809 949 0
131 149 307 563 0
10 25 699 298 0
26 63 171 133 0
49 133 790 57 0
81 97 152 433 0
35 70 511 869 0
63 161 659 871 0
25 101 537 296 0
88 97 501 213 0
91 156 702 42 0
121 197 173 731 0
28 117 921 170 0
76 176 942 566 0
29 129 643 751 0
53 58 48 51 0
97 195 166 30 0
111 124 502 456 0
1 197 359 484 0
55 69 393 657 0
25 73 913 933 0
99 148 945 783 0
101 189 103 739 0
14 54 897 962 0
126 180 733 29 0
176 181 819 377 0
81 99 62 489 0
46 51 41 563 0
51 96 34 545 0
166 197 427 669 0
2 77 461 702 0
1 35 221 112 0
105 181 903 997 0
27 169 521 819 0
66 77 391 975 0
35 57 755 381 0
21 165 161 299 0
83 93 399 101 0
97 105 430 526 0
25 122 398 709 0
33 97 985 611 0
145 151 48 611 0
5 151 495 986 0
91 101 1 426 0
9 33 841 681 0
59 146 413 601 0
65 189 216 891 0
137 191 981 231 0
146 185 767 41 0
26 78 345 711 0
51 121 226 763 0
173 192 731 503 0
24 51 901 529 0
100 176 889 796 0
25 113 81 681 0
172 200 383 915 0
13 21 833 641 0
1 193 5 361 0
63 106 599 109 0
87 103 901 833 0
25 183 457 221 0
10 157 576 897 0
149 152 457 297 0
63 84 509 113 0
41 159 225 195 0
127 167 447 641 0
77 120 541 623 0
95 141 548 267 0
87 117 716 841 0
72 161 1 986 0
47 57 49 667 0
92 106 9 309 0
133 173 141 37 0
11 137 881 863 0
30 101 251 247 0
155 157 165 779 0
33 186 6 343 0
171 187 731 166 0
51 94 951 821 0
57 153 611 170 0
117 145 363 476 0
11 153 545 777 0
41 123 681 103 0
136 156 538 499 0
29 43 972 916 0
9 173 863 649 0
86 111 634 814 0
113 117 731 761 0
1 105 566 736 0
10 79 677 932 0
41 148 823 943 0
145 146 401 573 0
61 141 561 449 0
90 141 843 96 0
85 89 249 897 0
21 151 579 148 0
93 101 933 441 0
27 105 381 221 0
49 58 581 227 0
1 198 30 513 0
23 177 809 351 0
113 161 626 189 0
81 141 151 121 0
20 33 465 873 0
48 98 111 609 0
91 169 480 538 0
33 81 556 608 0
53 197 625 994 0
49 55 569 440 0
93 134 481 604 0
41 185 767 796 0
129 177 593 93 0
69 169 666 101 0
39 188 241 441 0
4 179 221 727 0
36 159 36 317 0
51 171 181 417 0
117 180 923 813 0
153 169 45 246 0
17 36 670 236 0
125 167 649 433 0
49 78 333 931 0
97 185 217 747 0
2 139 651 565 0
11 186 351 761 0
1 181 1 971 0
73 91 321 343 0
81 196 181 851 0
101 150 986 298 0
41 181 133 956 0
41 197 636 995 0
80 187 697 737 0
121 137 521 36 0
25 163 288 121 0
3 19 457 466 0
97 133 304 17 0
5 17 967 345 0
19 131 300 838 0
51 153 559 626 0
49 115 16 759 0
81 191 135 572 0
39 153 152 226 0
15 73 967 6 0
18 136 61 403 0
141 197 395 689 0
113 189 257 863 0
26 134 751 917 0
21 72 841 594 0
51 125 285 401 0
49 161 612 386 0
129 141 213 36 0
139 186 861 421 0
19 47 405 161 0
129 176 322 141 0
72 136 589 635 0
26 53 874 561 0
137 167 988 425 0
61 101 1 481 0
107 108 100 755 0
94 129 177 417 0
82 121 665 733 0
89 161 793 116 0
33 177 378 240 0
67 101 851 65 0
17 21 121 927 0
21 146 916 348 0
54 131 410 937 0
35 45 707 970 0
95 196 521 679 0
8 101 259 531 0
59 171 701 996 0
44 137 849 100 0
49 126 281 589 0
60 89 749 1 0
73 111 147 754 0
24 33 457 631 0
145 147 121 821 0
36 93 269 272 0
41 171 233 315 0
41 164 273 921 0
61 73 621 853 0
6 121 85 906 0
9 98 957 873 0
26 143 289 907 0
28 31 286 997 0
129 147 101 713 0
57 116 733 953 0
1 117 751 773 0
25 51 551 509 0
17 76 985 973 0
19 165 541 417 0
156 176 477 735 0
144 151 469 423 0
121 131 393 201 0
128 195 163 148 0
128 185 639 111 0
97 121 168 201 0
33 136 611 713 0
37 86 376 273 0
36 177 905 441 0
21 33 6 483 0
13 190 479 21 0
23 181 333 561 0
41 80 297 521 0
64 196 293 259 0
1 196 676 461 0
53 59 861 380 0
46 121 503 639 0
69 133 5 977 0
54 97 65 850 0
31 123 376 561 0
33 157 701 332 0
101 153 165 29 0
33 193 677 942 0
41 101 48 941 0
65 151 633 657 0
41 56 913 847 0
59 199 332 95 0
73 74 959 877 0
94 99 899 108 0
1 118 441 939 0
16 35 919 285 0
1 30 274 686 0
139 158 491 953 0
21 31 260 971 0
26 61 492 375 0
21 41 737 181 0
123 175 381 318 0
51 58 361 901 0
71 118 349 679 0
51 196 505 301 0
33 143 565 697 0
65 112 459 372 0
31 148 913 197 0
99 146 122 641 0
76 123 447 881 0
51 69 559 853 0
43 125 633 207 0
49 109 468 17 0
91 111 158 515 0
149 151 717 427 0
1 143 698 965 0
69 171 49 127 0
119 176 644 580 0
111 151 753 965 0
25 94 429 521 0
17 102 443 981 0
11 120 75 317 0
118 168 131 909 0
76 87 161 338 0
21 133 473 449 0
63 142 531 330 0
24 129 371 781 0
42 181 208 566 0
54 76 393 797 0
33 73 177 21 0
1 45 351 5 0
87 165 126 305 0
26 163 257 942 0
21 97 129 845 0
99 153 260 393 0
1 65 537 547 0
45 112 753 10 0
185 194 134 961 0
65 91 363 217 0
41 66 501 811 0
123 198 871 937 0
13 81 81 281 0
12 81 93 72 0
49 181 697 941 0
29 174 585 39 0
5 79 7 304 0
81 150 261 829 0
33 39 408 127 0
26 57 623 327 0
15 106 773 850 0
49 87 179 912 0
97 179 176 671 0
21 88 573 781 0
1 13 625 641 0
70 176 445 997 0
49 101 940 949 0
53 101 863 641 0
101 116 917 74 0
81 110 708 511 0
131 157 551 841 0
105 131 441 977 0
85 91 301 251 0
66 71 821 98 0
53 103 225 699 0
77 185 593 973 0
85 169 56 250 0
53 155 201 39 0
123 181 196 548 0
84 173 500 479 0
61 185 600 901 0
146 166 157 745 0
89 151 681 839 0
25 161 855 601 0
25 104 797 941 0
110 118 707 636 0
1 176 125 841 0
1 61 777 311 0
92 141 414 410 0
174 185 876 209 0
57 89 686 581 0
11 99 831 974 0
11 121 822 67 0
107 147 921 961 0
32 96 20 99 0
97 125 81 611 0
1 82 281 909 0
11 156 981 109 0
96 115 321 525 0
13 198 561 625 0
35 41 885 649 0
67 91 517 352 0
2 61 139 477 0
56 137 321 921 0
41 120 545 698 0
153 179 161 885 0
26 77 423 159 0
37 121 691 424 0
5 165 928 72 0
32 72 326 229 0
38 153 193 1 0
97 161 372 953 0
10 57 482 251 0
31 178 101 40 0
126 143 806 332 0
148 186 191 323 0
128 165 101 929 0
1 178 41 566 0
87 181 497 908 0
38 199 701 942 0
35 175 929 246 0
77 143 921 914 0
31 169 441 249 0
2 155 371 24 0
143 161 165 30 0
45 46 257 935 0
66 96 923 401 0
6 178 449 985 0
61 87 161 137 0
149 181 993 1 0
48 197 611 541 0
51 81 349 765 0
48 176 661 201 0
1 104 296 531 0
56 73 111 519 0
146 150 545 811 0
40 98 618 366 0
41 111 160 639 0
30 198 568 882 0
1 4 52 427 0
65 137 540 889 0
97 175 121 95 0
11 51 11 859 0
20 113 418 371 0
51 129 676 513 0
141 169 409 731 0
7 158 601 556 0
105 177 641 74 0
53 147 405 685 0
131 197 665 431 0
116 123 743 461 0
139 189 246 353 0
9 152 921 581 0
117 131 352 329 0
121 141 321 989 0
161 196 750 396 0
121 185 153 928 0
11 168 857 439 0
1 12 389 487 0
110 197 780 241 0
5 77 231 641 0
101 145 904 497 0
81 175 763 661 0
151 161 133 369 0
27 101 155 64 0
93 153 179 29 0
46 93 762 416 0
61 144 745 65 0
27 53 401 525 0
159 161 466 723 0
8 48 448 491 0
96 199 800 529 0
121 173 901 947 0
51 113 401 841 0
3 99 303 971 0
70 149 339 135 0
45 155 481 598 0
117 127 341 961 0
32 71 445 923 0
33 127 921 441 0
132 171 946 971 0
129 175 751 216 0
71 98 241 801 0
21 150 406 689 0
24 181 185 131 0
4 171 152 961 0
55 77 330 102 0
5 10 524 90 0
51 141 538 277 0
17 131 297 972 0
37 152 525 883 0
135 151 741 230 0
84 169 160 153 0
112 189 895 881 0
76 109 213 355 0
93 141 787 705 0
52 161 755 343 0
112 193 378 527 0
8 102 441 321 0
141 172 761 993 0
1 17 731 366 0
105 121 436 41 0
94 119 73 137 0
56 79 393 981 0
91 177 715 996 0
91 125 261 901 0
145 181 105 57 0
57 180 814 771 0
194 197 825 320 0
85 119 258 907 0
134 145 641 279 0
6 52 613 600 0
33 147 567 226 0
65 198 753 421 0
3 189 63 5 0
66 166 547 876 0
46 194 912 841 0
1 116 777 345 0
121 126 391 241 0
33 190 1 31 0
121 169 793 811 0
17 193 457 414 0
13 65 151 180 0
160 169 704 464 0
1 79 361 91 0
47 111 291 202 0
93 113 201 413 0
133 191 929 791 0
185 189 321 256 0
7 133 875 933 0
4 123 437 1 0
9 19 755 701 0
50 169 521 803 0
11 66 709 667 0
125 187 771 181 0
8 173 79 41 0
121 129 505 585 0
23 169 681 196 0
126 177 298 723 0
36 69 295 571 0
69 77 339 313 0
41 49 501 71 0
17 56 935 467 0
33 69 585 39 0
86 102 305 91 0
57 109 29 223 0
81 147 193 201 0
26 49 571 495 0
55 61 1 846 0
8 103 905 492 0
27 86 529 183 0
143 160 325 339 0
13 177 813 861 0
1 147 761 943 0
57 121 719 385 0
65 105 657 526 0
31 116 445 559 0
41 53 167 753 0
42 192 532 769 0
89 171 270 593 0
89 145 605 1 0
57 151 21 277 0
170 185 961 943 0
53 62 167 977 0
1 99 357 173 0
163 185 837 530 0
25 174 421 1 0
85 105 933 411 0
83 141 386 729 0
81 112 849 681 0
73 173 943 271 0
1 11 878 432 0
86 153 97 681 0
180 191 645 15 0
149 165 631 423 0
113 124 589 777 0
29 137 534 304 0
6 172 89 336 0
47 88 293 716 0
149 193 95 646 0
111 176 489 987 0
136 194 253 369 0
56 75 617 434 0
106 173 356 427 0
1 150 89 573 0
151 196 132 271 0
9 81 731 989 0
89 184 421 376 0
27 129 233 245 0
75 175 593 306 0
33 200 905 229 0
1 94 769 826 0
40 169 826 473 0
137 185 423 719 0
31 71 101 167 0
57 73 361 753 0
85 112 666 313 0
31 41 361 609 0
32 44 892 864 0
144 186 407 96 0
41 141 67 584 0
81 194 862 193 0
73 113 126 981 0
85 133 707 389 0
69 137 528 635 0
93 181 985 327 0
27 45 329 745 0
165 176 193 524 0
17 49 1 701 0
86 88 596 243 0
181 200 309 87 0
81 107 427 944 0
32 90 513 585 0
107 142 146 361 0
101 104 789 418 0
21 161 201 901 0
41 151 19 365 0
109 166 658 287 0
25 64 303 436 0
61 89 621 543 0
33 131 708 977 0
39 126 818 101 0
99 169 853 941 0
41 156 917 298 0
37 159 485 229 0
56 101 31 521 0
145 185 754 31 0
163 189 235 57 0
4 104 225 381 0
94 121 488 121 0
106 164 681 97 0
151 156 601 961 0
9 48 941 776 0
87 161 311 611 0
52 111 169 501 0
93 193 781 265 0
101 118 361 513 0
137 152 709 319 0
1 97 472 897 0
105 183 741 143 0
23 141 759 382 0
41 183 51 889 0
37 105 473 245 0
7 131 420 301 0
137 145 801 513 0
19 111 217 231 0
52 77 298 697 0
136 141 937 89 0
72 145 195 849 0
31 65 827 717 0
15 105 499 626 0
101 157 427 96 0
12 121 665 96 0
1 5 249 307 0
37 65 789 302 0
111 170 131 569 0
73 93 161 66 0
19 197 541 554 0
139 194 708 923 0
74 121 575 453 0
1 60 206 257 0
53 145 520 281 0
113 186 81 460 0
41 106 16 274 0
109 157 781 231 0
51 180 745 817 0
49 81 869 521 0
63 152 330 204 0
43 105 19 86 0
101 149 337 733 0
146 171 377 809 0
11 161 703 726 0
29 149 349 496 0
7 156 920 429 0
89 141 332 744 0
15 41 673 535 0
26 29 905 658 0
136 181 601 4 0
52 113 723 521 0
166 193 847 660 0
2 69 918 661 0
30 161 671 869 0
9 162 833 584 0
9 59 985 271 0
4 65 175 760 0
88 113 779 25 0
24 61 601 271 0
36 181 637 937 0
6 160 666 715 0
167 177 629 314 0
174 189 235 789 0
169 186 257 705 0
171 184 545 1 0
133 136 735 925 0
41 46 545 277 0
48 113 900 496 0
90 113 461 176 0
67 176 281 164 0
33 141 393 669 0
23 79 857 119 0
17 71 861 807 0
151 190 671 392 0
89 130 404 737 0
9 122 223 812 0
55 150 726 689 0
9 27 491 833 0
37 129 964 436 0
97 151 945 105 0
53 95 939 841 0
76 181 192 825 0
40 83 361 194 0
41 169 393 103 0
137 157 541 933 0
89 137 202 513 0
61 169 335 53 0
81 155 675 289 0
169 191 461 309 0
173 175 8 6 0
80 151 851 319 0
72 192 661 21 0
121 156 865 713 0
58 78 441 570 0
21 111 139 240 0
19 151 229 926 0
5 171 137 104 0
57 82 413 88 0
65 147 64 197 0
156 171 529 858 0
165 171 200 929 0
10 185 729 217 0
41 146 924 901 0
48 149 899 855 0
66 131 275 165 0
37 171 357 219 0
131 168 299 97 0
105 114 978 161 0
3 73 393 455 0
72 95 26 91 0
17 65 1000 613 0
30 31 831 432 0
81 153 37 212 0
35 61 4 29 0
63 189 646 1 0
43 112 657 873 0
171 191 329 717 0
17 44 106 965 0
41 86 775 294 0
33 135 87 185 0
57 189 761 101 0
13 88 85 49 0
75 161 281 817 0
73 193 409 841 0
11 25 239 195 0
51 97 265 871 0
77 117 1 311 0
91 167 572 465 0
72 179 57 644 0
77 180 408 306 0
9 61 776 211 0
5 61 709 220 0
17 161 1 151 0
137 187 433 557 0
151 179 652 55 0
45 189 417 441 0
51 78 581 842 0
81 123 353 401 0
11 67 401 623 0
61 70 93 397 0
1 37 833 308 0
58 189 543 377 0
11 69 174 190 0
97 101 515 985 0
15 65 513 127 0
22 171 713 261 0
46 109 957 737 0
131 171 520 912 0
4 68 441 437 0
90 117 335 871 0
183 197 490 772 0
61 164 232 201 0
5 129 17 963 0
130 151 393 387 0
68 96 989 623 0
36 187 289 561 0
